090900900788787878787878787878
11111111111111111111111111111111
11111111111111111111111111111111111
11111111111111111111111111111111111
22222222222222222222222222222222
2222222222222222222222222222222
222222222222222222222222222222
2222222222222222222222222222222222
<<<<<<< HEAD
44444444444444444444444444444444444444444444444444444444444444444444444444444444444444444444444444444444444444444444444444444444444
777777777777777777777777777777777777777777777777777777777777777777777777777777777777777777777777777777777777777777777777777777777777777
=======
44444444444444444444444444444444444444444444444444444444444444444444444444444444444444444444444444444444444444444444444444444444444
777777777777777777777777777777777777777777777777777777777777777777777777777777777777777777777777777777777777777777777777777777777777777
>>>>>>> 8656ab3573d56f1ee0f8b946e83e936c9fe24ac1
